0.48 0.08 0.92 0.62 0.62 0.69 0.68 0.68 0.63 -0.58 -1.58 0.00 1.00 0.00 0.00 1.00 0.00
0.25 0.36 0.03 0.41 0.24 0.43 0.43 0.68 0.65 -0.58 -0.08 1.00 0.00 0.00 0.00 1.00 0.00
1.80 0.22 0.41 0.69 0.66 0.56 0.63 0.30 0.59 -1.74 -0.08 0.00 1.00 0.00 0.00 1.00 0.00
0.70 1.48 1.31 0.66 0.44 0.54 0.55 0.69 0.65 -1.74 -1.58 0.00 1.00 0.00 0.00 1.00 0.00
-1.52 0.08 -0.35 0.42 0.34 0.59 0.60 0.66 0.64 -0.58 -0.08 0.00 1.00 0.00 0.00 1.00 0.00
-0.85 -1.33 -1.37 0.76 0.60 0.51 0.64 0.26 0.58 0.57 -0.08 0.00 1.00 0.00 0.00 1.00 0.00
0.25 0.78 0.92 0.29 0.40 0.48 0.44 0.67 0.63 -0.58 1.42 0.00 1.00 0.00 1.00 0.00 0.00
0.70 0.36 0.29 0.61 0.66 0.72 0.68 0.67 0.69 0.57 -0.08 0.00 1.00 0.00 0.00 1.00 0.00
-0.19 0.64 0.03 0.58 0.58 0.65 0.64 0.60 0.59 0.57 -1.58 1.00 0.00 0.00 0.00 1.00 0.00
-0.41 0.08 0.16 0.55 0.60 0.65 0.62 0.68 0.74 0.57 -0.08 1.00 0.00 0.00 0.00 1.00 0.00
-1.74 0.36 0.41 0.60 0.31 0.57 0.60 0.68 0.66 -0.58 -1.58 0.00 1.00 0.00 1.00 0.00 0.00
-1.52 0.64 0.41 0.58 0.56 0.61 0.61 0.49 0.56 0.57 -0.08 1.00 0.00 0.00 0.00 1.00 0.00
-1.07 -0.35 -0.35 0.28 0.28 0.47 0.45 0.64 0.55 0.57 -0.08 0.00 1.00 0.00 0.00 0.00 1.00
0.48 0.36 -0.99 0.66 0.64 0.59 0.65 0.26 0.60 -0.58 1.42 0.00 1.00 0.00 1.00 0.00 0.00
-0.41 0.64 0.41 0.76 0.76 0.66 0.78 0.23 0.62 0.57 -1.58 1.00 0.00 0.00 0.00 1.00 0.00
-0.85 -1.75 -0.99 0.46 0.64 0.68 0.63 0.55 0.63 1.73 -0.08 1.00 0.00 0.00 0.00 1.00 0.00
-0.63 -0.35 -0.86 0.64 0.63 0.59 0.67 0.49 0.62 -0.58 -1.58 1.00 0.00 0.00 0.00 1.00 0.00
0.70 -0.63 -0.10 0.66 0.63 0.63 0.70 0.34 0.64 -0.58 -0.08 0.00 0.00 1.00 1.00 0.00 0.00
-0.63 -1.05 -0.61 0.50 0.64 0.54 0.60 0.37 0.70 0.57 -0.08 1.00 0.00 0.00 0.00 1.00 0.00
0.25 1.34 0.92 0.64 0.57 0.53 0.62 0.22 0.53 -0.58 -0.08 0.00 1.00 0.00 1.00 0.00 0.00
1.36 -0.06 0.16 0.39 0.65 0.68 0.60 0.51 0.63 0.57 1.42 1.00 0.00 0.00 0.00 0.00 1.00
1.36 1.20 1.05 0.62 0.57 0.57 0.64 0.34 0.57 -1.74 -1.58 0.00 1.00 0.00 0.00 1.00 0.00
-0.85 1.20 0.54 0.40 0.46 0.65 0.66 0.60 0.55 -1.74 -0.08 0.00 1.00 0.00 0.00 1.00 0.00
0.25 0.36 -0.22 0.58 0.63 0.75 0.75 0.33 0.52 -0.58 -0.08 0.00 1.00 0.00 1.00 0.00 0.00
-1.52 1.48 0.41 0.46 0.37 0.50 0.42 0.64 0.66 -1.74 -0.08 0.00 1.00 0.00 0.00 1.00 0.00
1.36 1.06 0.80 0.70 0.67 0.71 0.76 0.32 0.55 -1.74 -0.08 0.00 1.00 0.00 0.00 1.00 0.00
0.25 0.64 0.67 0.56 0.52 0.67 0.66 0.57 0.63 -0.58 -0.08 0.00 1.00 0.00 1.00 0.00 0.00
0.48 0.92 0.80 0.47 0.55 0.57 0.58 0.56 0.69 -0.58 -1.58 0.00 1.00 0.00 1.00 0.00 0.00
0.03 1.76 1.69 0.62 0.53 0.57 0.59 0.71 0.73 -1.74 -1.58 0.00 1.00 0.00 0.00 1.00 0.00
-0.41 0.36 0.67 0.72 0.57 0.52 0.66 0.39 0.56 0.57 -1.58 0.00 1.00 0.00 0.00 1.00 0.00
1.14 0.50 0.67 0.72 0.59 0.54 0.64 0.26 0.61 0.57 -1.58 0.00 1.00 0.00 0.00 0.00 1.00
0.03 0.64 0.29 0.55 0.37 0.47 0.52 0.69 0.69 -0.58 -1.58 0.00 0.00 1.00 1.00 0.00 0.00
0.70 0.78 0.80 0.61 0.64 0.65 0.61 0.37 0.62 -0.58 -0.08 1.00 0.00 0.00 1.00 0.00 0.00
-1.74 -1.05 -0.99 0.52 0.57 0.59 0.57 0.56 0.59 -0.58 -0.08 1.00 0.00 0.00 0.00 1.00 0.00
0.25 0.78 0.80 0.41 0.41 0.45 0.48 0.60 0.62 -0.58 -0.08 0.00 1.00 0.00 0.00 1.00 0.00
-1.52 -0.63 -1.63 0.63 0.68 0.57 0.63 0.30 0.68 0.57 -0.08 0.00 1.00 0.00 1.00 0.00 0.00
0.92 1.34 1.43 0.70 0.66 0.66 0.73 0.33 0.54 -0.58 -0.08 0.00 1.00 0.00 0.00 1.00 0.00
-0.19 -0.35 -1.37 0.59 0.32 0.51 0.55 0.64 0.64 0.57 -0.08 1.00 0.00 0.00 0.00 1.00 0.00
0.25 0.08 -0.10 0.57 0.55 0.64 0.65 0.68 0.70 1.73 -0.08 1.00 0.00 0.00 0.00 1.00 0.00
1.14 0.22 0.67 0.69 0.36 0.51 0.50 0.47 0.57 0.57 2.92 1.00 0.00 0.00 1.00 0.00 0.00
-1.07 0.22 0.41 0.71 0.52 0.61 0.66 0.67 0.63 0.57 -1.58 0.00 1.00 0.00 0.00 1.00 0.00
0.25 -1.19 -0.35 0.53 0.31 0.44 0.49 0.62 0.61 0.57 -0.08 1.00 0.00 0.00 0.00 1.00 0.00
0.48 -0.91 -1.12 0.66 0.64 0.60 0.67 0.29 0.64 0.57 -0.08 0.00 1.00 0.00 0.00 1.00 0.00
-0.19 -2.03 -1.12 0.37 0.61 0.67 0.57 0.60 0.61 0.57 -0.08 0.00 1.00 0.00 0.00 1.00 0.00
0.70 -1.33 -0.86 0.63 0.62 0.53 0.63 0.31 0.62 1.73 1.42 1.00 0.00 0.00 0.00 1.00 0.00
0.92 -0.49 0.16 0.59 0.60 0.65 0.65 0.47 0.60 -0.58 -0.08 0.00 1.00 0.00 1.00 0.00 0.00
0.92 0.92 0.92 0.47 0.50 0.61 0.62 0.68 0.62 0.57 -0.08 0.00 1.00 0.00 0.00 1.00 0.00
0.03 0.36 -0.10 0.70 0.48 0.60 0.64 0.60 0.59 -0.58 -0.08 0.00 1.00 0.00 0.00 1.00 0.00
-0.19 -0.06 0.54 0.69 0.71 0.66 0.70 0.28 0.62 1.73 -0.08 0.00 1.00 0.00 0.00 0.00 1.00
-0.63 -0.06 0.16 0.57 0.45 0.55 0.54 0.68 0.65 -0.58 -0.08 0.00 0.00 1.00 1.00 0.00 0.00
0.92 -2.45 -1.75 0.58 0.40 0.58 0.57 0.72 0.67 0.57 -0.08 1.00 0.00 0.00 0.00 1.00 0.00
-0.41 0.08 0.41 0.64 0.63 0.70 0.67 0.39 0.61 -0.58 -1.58 0.00 1.00 0.00 0.00 1.00 0.00
-1.07 0.50 -0.10 0.69 0.67 0.68 0.70 0.48 0.66 0.57 -0.08 1.00 0.00 0.00 0.00 1.00 0.00
0.48 -0.06 1.43 0.72 0.65 0.51 0.59 0.42 0.69 0.57 1.42 0.00 1.00 0.00 0.00 0.00 1.00
1.58 0.08 0.29 0.57 0.42 0.50 0.48 0.68 0.70 0.57 -0.08 1.00 0.00 0.00 1.00 0.00 0.00
-1.07 0.92 -0.22 0.58 0.59 0.65 0.66 0.49 0.56 -0.58 -0.08 0.00 1.00 0.00 0.00 1.00 0.00
0.25 -1.19 -1.37 0.62 0.54 0.61 0.64 0.62 0.62 -0.58 -0.08 0.00 1.00 0.00 1.00 0.00 0.00
-0.41 0.36 0.16 0.57 0.53 0.62 0.65 0.60 0.66 -0.58 -0.08 0.00 1.00 0.00 0.00 1.00 0.00
2.25 0.08 0.16 0.49 0.55 0.61 0.57 0.61 0.66 -0.58 -0.08 0.00 1.00 0.00 0.00 1.00 0.00
-0.19 0.92 0.41 0.80 0.44 0.58 0.66 0.64 0.59 -1.74 -0.08 0.00 1.00 0.00 0.00 1.00 0.00
1.14 -1.19 -0.86 0.51 0.53 0.62 0.59 0.62 0.66 0.57 1.42 0.00 1.00 0.00 0.00 1.00 0.00
0.92 2.88 4.24 0.75 0.52 0.53 0.64 0.57 0.66 -1.74 -1.58 0.00 1.00 0.00 0.00 1.00 0.00
0.48 -0.35 -0.48 0.68 0.64 0.61 0.71 0.41 0.64 1.73 1.42 1.00 0.00 0.00 0.00 1.00 0.00
-0.85 -0.35 -0.22 0.63 0.38 0.46 0.55 0.56 0.55 -0.58 -0.08 0.00 1.00 0.00 0.00 1.00 0.00
-1.52 1.20 -0.61 0.69 0.58 0.62 0.66 0.65 0.62 -0.58 -0.08 0.00 1.00 0.00 0.00 1.00 0.00
-1.52 0.08 -0.22 0.67 0.65 0.48 0.64 0.23 0.52 0.57 -0.08 0.00 1.00 0.00 0.00 1.00 0.00
0.70 -0.35 0.41 0.53 0.51 0.61 0.62 0.63 0.66 -0.58 1.42 0.00 1.00 0.00 0.00 1.00 0.00
-1.52 -1.19 0.16 0.64 0.52 0.57 0.61 0.63 0.64 -0.58 1.42 1.00 0.00 0.00 0.00 1.00 0.00
-0.41 1.20 0.54 0.53 0.50 0.50 0.55 0.62 0.65 -0.58 1.42 0.00 1.00 0.00 0.00 1.00 0.00
0.03 -0.35 0.41 0.55 0.62 0.67 0.65 0.64 0.62 1.73 1.42 1.00 0.00 0.00 0.00 1.00 0.00
0.03 -2.03 -1.12 0.64 0.26 0.46 0.54 0.58 0.61 0.57 -0.08 0.00 1.00 0.00 1.00 0.00 0.00
-1.07 0.36 0.92 0.66 0.62 0.55 0.67 0.45 0.64 0.57 1.42 0.00 1.00 0.00 0.00 1.00 0.00
0.03 -0.63 -0.35 0.72 0.65 0.61 0.68 0.31 0.68 0.57 -0.08 0.00 1.00 0.00 1.00 0.00 0.00
-0.85 0.36 0.67 0.47 0.28 0.36 0.41 0.54 0.58 0.57 -0.08 1.00 0.00 0.00 1.00 0.00 0.00
0.48 1.06 1.05 0.53 0.53 0.64 0.67 0.59 0.60 -1.74 -1.58 0.00 1.00 0.00 0.00 1.00 0.00
0.92 2.18 1.69 0.57 0.45 0.57 0.63 0.66 0.68 -1.74 -0.08 0.00 1.00 0.00 0.00 1.00 0.00
1.14 -0.91 -1.50 0.62 0.62 0.71 0.73 0.54 0.60 -0.58 1.42 0.00 1.00 0.00 0.00 1.00 0.00
-0.19 -1.47 -1.12 0.63 0.52 0.58 0.64 0.60 0.58 0.57 -1.58 0.00 1.00 0.00 0.00 1.00 0.00
0.70 -0.63 -1.37 0.65 0.42 0.56 0.56 0.63 0.63 0.57 -0.08 1.00 0.00 0.00 1.00 0.00 0.00
2.02 1.20 1.56 0.67 0.56 0.55 0.65 0.41 0.55 -0.58 -0.08 0.00 1.00 0.00 0.00 1.00 0.00
0.03 1.20 1.31 0.74 0.55 0.59 0.70 0.20 0.41 -0.58 -0.08 0.00 0.00 1.00 0.00 1.00 0.00
-0.19 1.76 1.69 0.60 0.58 0.58 0.62 0.40 0.57 -0.58 -1.58 0.00 1.00 0.00 0.00 1.00 0.00
-1.74 -0.63 -0.35 0.79 0.56 0.59 0.67 0.22 0.51 -0.58 -1.58 0.00 1.00 0.00 0.00 1.00 0.00
-0.19 -1.05 -0.99 0.58 0.58 0.57 0.58 0.55 0.69 0.57 1.42 1.00 0.00 0.00 0.00 1.00 0.00
-1.74 0.22 0.03 0.72 0.65 0.58 0.65 0.28 0.65 -0.58 -0.08 0.00 1.00 0.00 0.00 1.00 0.00
0.25 -1.75 -1.24 0.66 0.70 0.60 0.68 0.23 0.59 -0.58 -0.08 0.00 1.00 0.00 0.00 1.00 0.00
1.14 1.48 1.05 0.73 0.63 0.61 0.66 0.29 0.52 -0.58 -0.08 0.00 1.00 0.00 0.00 1.00 0.00
-0.85 0.08 -1.37 0.60 0.47 0.54 0.60 0.62 0.66 -0.58 -0.08 0.00 0.00 1.00 1.00 0.00 0.00
-1.29 -1.05 -0.22 0.79 0.66 0.64 0.73 0.32 0.64 -0.58 -0.08 1.00 0.00 0.00 0.00 1.00 0.00
0.25 -1.05 -1.24 0.57 0.56 0.54 0.58 0.35 0.56 0.57 -0.08 0.00 1.00 0.00 0.00 1.00 0.00
0.70 1.34 1.82 0.67 0.69 0.69 0.74 0.42 0.67 -1.74 -0.08 0.00 1.00 0.00 0.00 1.00 0.00
1.14 0.64 0.80 0.55 0.44 0.56 0.55 0.54 0.60 -0.58 -0.08 1.00 0.00 0.00 0.00 1.00 0.00
-1.74 0.36 -0.86 0.38 0.38 0.40 0.39 0.63 0.63 0.57 -0.08 1.00 0.00 0.00 0.00 1.00 0.00
0.92 2.32 0.80 0.72 0.65 0.56 0.64 0.38 0.59 -1.74 -1.58 0.00 1.00 0.00 0.00 1.00 0.00
1.36 -1.33 -0.86 0.63 0.61 0.55 0.64 0.36 0.64 0.57 -0.08 1.00 0.00 0.00 1.00 0.00 0.00
0.48 1.06 0.80 0.55 0.48 0.60 0.63 0.70 0.68 -0.58 -0.08 0.00 1.00 0.00 0.00 1.00 0.00
2.25 2.18 1.05 0.62 0.64 0.50 0.62 0.24 0.71 -1.74 -1.58 0.00 1.00 0.00 0.00 1.00 0.00
0.70 -2.17 -1.88 0.55 0.42 0.46 0.48 0.46 0.53 1.73 -0.08 1.00 0.00 0.00 1.00 0.00 0.00
-1.29 -0.21 -1.24 0.65 0.63 0.61 0.67 0.41 0.63 -0.58 -0.08 0.00 1.00 0.00 0.00 1.00 0.00
-0.41 -1.61 -1.37 0.66 0.64 0.56 0.68 0.42 0.64 1.73 -0.08 1.00 0.00 0.00 0.00 1.00 0.00
-0.63 -1.05 -0.86 0.58 0.57 0.56 0.61 0.31 0.58 1.73 1.42 1.00 0.00 0.00 0.00 1.00 0.00
-0.63 0.36 1.18 0.58 0.67 0.73 0.74 0.54 0.56 0.57 1.42 0.00 1.00 0.00 0.00 0.00 1.00
0.03 -0.35 -0.61 0.65 0.60 0.49 0.61 0.30 0.58 0.57 1.42 0.00 1.00 0.00 1.00 0.00 0.00
0.25 -0.91 -0.86 0.54 0.60 0.61 0.62 0.63 0.65 0.57 2.92 1.00 0.00 0.00 1.00 0.00 0.00
-0.19 -0.35 -0.35 0.64 0.47 0.44 0.53 0.18 0.41 0.57 -0.08 0.00 1.00 0.00 0.00 1.00 0.00
-1.74 0.08 -0.73 0.39 0.34 0.44 0.42 0.66 0.65 0.57 -0.08 0.00 1.00 0.00 0.00 1.00 0.00
-1.52 -0.63 -1.37 0.72 0.60 0.62 0.71 0.58 0.64 -0.58 -0.08 1.00 0.00 0.00 0.00 1.00 0.00
-1.29 0.22 -0.99 0.66 0.67 0.73 0.68 0.48 0.66 -1.74 -1.58 0.00 1.00 0.00 0.00 1.00 0.00
0.03 -1.05 -1.24 0.63 0.36 0.48 0.55 0.63 0.62 0.57 -1.58 1.00 0.00 0.00 0.00 1.00 0.00
0.03 -0.49 -1.24 0.56 0.49 0.54 0.52 0.70 0.67 2.89 1.42 0.00 1.00 0.00 0.00 1.00 0.00
0.70 0.08 -0.10 0.66 0.67 0.66 0.68 0.38 0.60 -0.58 -1.58 0.00 1.00 0.00 1.00 0.00 0.00
-1.29 -1.05 -0.73 0.55 0.34 0.50 0.58 0.61 0.61 0.57 1.42 0.00 1.00 0.00 0.00 1.00 0.00
0.48 -0.35 -0.48 0.66 0.59 0.63 0.67 0.41 0.59 0.57 -0.08 1.00 0.00 0.00 0.00 1.00 0.00
-1.29 0.78 0.03 0.63 0.60 0.55 0.63 0.40 0.61 -0.58 -0.08 0.00 1.00 0.00 0.00 1.00 0.00
0.48 -1.89 -1.88 0.42 0.29 0.42 0.44 0.64 0.64 1.73 -0.08 1.00 0.00 0.00 1.00 0.00 0.00
-1.52 0.78 0.03 0.72 0.66 0.67 0.73 0.46 0.59 -1.74 -0.08 0.00 1.00 0.00 0.00 1.00 0.00
-1.29 -0.63 -0.61 0.54 0.54 0.61 0.60 0.63 0.67 -0.58 -1.58 0.00 1.00 0.00 0.00 1.00 0.00
-1.07 -0.91 -0.22 0.45 0.38 0.48 0.47 0.64 0.67 -0.58 -0.08 0.00 1.00 0.00 0.00 0.00 1.00
1.14 -0.63 0.29 0.54 0.65 0.58 0.61 0.57 0.68 -0.58 -0.08 1.00 0.00 0.00 0.00 1.00 0.00
-1.96 -1.19 -0.61 0.60 0.47 0.61 0.64 0.64 0.66 0.57 1.42 1.00 0.00 0.00 0.00 1.00 0.00
0.25 -2.03 -1.88 0.49 0.28 0.35 0.37 0.63 0.69 0.57 -0.08 0.00 1.00 0.00 0.00 1.00 0.00
0.92 1.90 2.58 0.36 0.55 0.60 0.58 0.63 0.63 -0.58 -1.58 0.00 1.00 0.00 0.00 1.00 0.00
1.14 0.50 -0.22 0.55 0.48 0.57 0.57 0.64 0.68 -0.58 -0.08 0.00 1.00 0.00 1.00 0.00 0.00
-0.41 -0.63 -0.48 0.72 0.65 0.65 0.71 0.41 0.57 0.57 -0.08 1.00 0.00 0.00 1.00 0.00 0.00
-1.07 -1.33 -1.12 0.76 0.61 0.61 0.74 0.30 0.61 -0.58 -1.58 0.00 1.00 0.00 0.00 0.00 1.00
-0.19 -0.21 -0.10 0.68 0.59 0.69 0.71 0.58 0.61 1.73 1.42 1.00 0.00 0.00 1.00 0.00 0.00
1.58 0.36 0.54 0.68 0.52 0.59 0.60 0.42 0.47 0.57 -1.58 1.00 0.00 0.00 0.00 1.00 0.00
0.48 1.20 0.54 0.67 0.67 0.59 0.72 0.29 0.55 -0.58 -0.08 0.00 1.00 0.00 1.00 0.00 0.00
1.14 1.48 1.31 0.63 0.60 0.59 0.65 0.49 0.60 -0.58 -0.08 1.00 0.00 0.00 0.00 1.00 0.00
-1.96 -1.75 -1.12 0.69 0.62 0.52 0.61 0.23 0.62 0.57 1.42 1.00 0.00 0.00 0.00 1.00 0.00
-0.63 -0.49 -1.50 0.57 0.47 0.53 0.59 0.54 0.62 -0.58 -0.08 1.00 0.00 0.00 0.00 1.00 0.00
-1.07 0.08 -0.86 0.39 0.27 0.48 0.49 0.66 0.63 -0.58 -1.58 0.00 1.00 0.00 0.00 1.00 0.00
0.03 -0.35 -0.35 0.50 0.29 0.52 0.48 0.68 0.71 0.57 -0.08 1.00 0.00 0.00 0.00 1.00 0.00
-0.41 -0.63 -0.61 0.68 0.48 0.60 0.64 0.67 0.61 0.57 1.42 0.00 1.00 0.00 0.00 1.00 0.00
0.03 -0.35 0.16 0.70 0.61 0.65 0.66 0.56 0.60 0.57 -0.08 1.00 0.00 0.00 0.00 1.00 0.00
-1.29 0.08 -0.22 0.64 0.72 0.52 0.68 0.22 0.56 1.73 1.42 1.00 0.00 0.00 1.00 0.00 0.00
1.14 -1.33 -1.37 0.61 0.44 0.54 0.56 0.63 0.65 0.57 -1.58 0.00 1.00 0.00 0.00 1.00 0.00
-1.29 0.08 -1.12 0.65 0.51 0.60 0.66 0.71 0.69 -0.58 -0.08 0.00 1.00 0.00 0.00 1.00 0.00
-0.85 0.36 0.03 0.47 0.58 0.64 0.60 0.58 0.61 -0.58 -0.08 0.00 1.00 0.00 0.00 1.00 0.00
0.92 0.78 0.41 0.62 0.65 0.63 0.65 0.61 0.69 0.57 2.92 0.00 0.00 1.00 0.00 1.00 0.00
-1.74 -1.05 -1.63 0.48 0.36 0.50 0.49 0.67 0.69 0.57 1.42 0.00 1.00 0.00 0.00 1.00 0.00
-1.29 0.64 -0.73 0.62 0.62 0.61 0.63 0.36 0.62 -0.58 -0.08 1.00 0.00 0.00 0.00 0.00 1.00
-0.85 -1.33 -0.61 0.70 0.54 0.58 0.62 0.62 0.65 -0.58 -0.08 0.00 1.00 0.00 0.00 1.00 0.00
-0.41 1.90 0.03 0.58 0.64 0.68 0.68 0.58 0.64 -0.58 -0.08 0.00 1.00 0.00 0.00 1.00 0.00
-1.74 0.64 0.41 0.60 0.54 0.64 0.65 0.67 0.69 -0.58 -1.58 0.00 1.00 0.00 0.00 1.00 0.00
0.25 0.78 1.69 0.70 0.73 0.61 0.65 0.31 0.72 -0.58 -0.08 1.00 0.00 0.00 0.00 1.00 0.00
2.69 0.50 0.41 0.70 0.65 0.67 0.75 0.26 0.49 -1.74 -0.08 0.00 1.00 0.00 0.00 1.00 0.00
-0.19 -0.21 -0.48 0.67 0.64 0.49 0.60 0.27 0.62 0.57 1.42 1.00 0.00 0.00 0.00 1.00 0.00
0.48 -0.77 -1.24 0.57 0.70 0.69 0.66 0.61 0.72 0.57 -0.08 1.00 0.00 0.00 1.00 0.00 0.00
0.03 0.36 -0.48 0.69 0.58 0.65 0.68 0.71 0.73 0.57 -0.08 1.00 0.00 0.00 1.00 0.00 0.00
-0.19 0.08 0.80 0.59 0.54 0.62 0.63 0.65 0.64 -0.58 -0.08 0.00 1.00 0.00 1.00 0.00 0.00
1.14 -1.33 -1.24 0.72 0.64 0.66 0.72 0.51 0.64 1.73 -1.58 1.00 0.00 0.00 0.00 0.00 1.00
1.36 -1.75 0.03 0.47 0.71 0.61 0.63 0.34 0.71 1.73 -1.58 1.00 0.00 0.00 1.00 0.00 0.00
0.92 -0.63 -0.22 0.66 0.58 0.62 0.62 0.58 0.62 -0.58 -0.08 1.00 0.00 0.00 0.00 1.00 0.00
-0.41 1.20 0.67 0.48 0.23 0.43 0.51 0.65 0.66 -0.58 -0.08 0.00 1.00 0.00 1.00 0.00 0.00
0.25 -1.05 -0.35 0.62 0.53 0.61 0.67 0.61 0.64 0.57 -0.08 1.00 0.00 0.00 1.00 0.00 0.00
-1.29 -0.06 0.67 0.78 0.67 0.54 0.65 0.44 0.67 -0.58 -0.08 1.00 0.00 0.00 0.00 1.00 0.00
-0.85 0.22 -0.86 0.62 0.52 0.54 0.60 0.62 0.73 -0.58 -0.08 0.00 1.00 0.00 0.00 1.00 0.00
-1.52 -0.77 -0.73 0.63 0.32 0.50 0.54 0.56 0.56 0.57 1.42 0.00 1.00 0.00 0.00 1.00 0.00
1.14 1.48 1.18 0.79 0.66 0.61 0.73 0.31 0.59 -0.58 -0.08 0.00 1.00 0.00 0.00 1.00 0.00
-1.52 0.36 0.41 0.56 0.42 0.51 0.55 0.62 0.62 0.57 -0.08 0.00 1.00 0.00 0.00 0.00 1.00
-1.52 -0.21 -1.63 0.54 0.47 0.51 0.59 0.62 0.62 -0.58 -1.58 0.00 1.00 0.00 0.00 1.00 0.00
-0.41 1.90 2.33 0.48 0.32 0.46 0.46 0.62 0.61 -1.74 -0.08 0.00 1.00 0.00 0.00 1.00 0.00
0.03 0.08 0.03 0.65 0.47 0.58 0.62 0.60 0.59 1.73 -0.08 0.00 1.00 0.00 0.00 0.00 1.00
1.14 -0.63 0.54 0.66 0.61 0.58 0.64 0.42 0.60 0.57 1.42 0.00 1.00 0.00 1.00 0.00 0.00
0.70 -0.63 0.54 0.75 0.61 0.62 0.71 0.37 0.59 0.57 -1.58 1.00 0.00 0.00 0.00 1.00 0.00
0.03 -1.05 -0.99 0.54 0.63 0.69 0.66 0.54 0.61 0.57 -0.08 1.00 0.00 0.00 1.00 0.00 0.00
0.92 0.22 -0.61 0.61 0.47 0.55 0.57 0.65 0.74 0.57 -0.08 0.00 1.00 0.00 0.00 0.00 1.00
-1.29 0.08 0.03 0.59 0.52 0.57 0.62 0.64 0.67 -0.58 -0.08 1.00 0.00 0.00 0.00 1.00 0.00
2.25 1.20 1.82 0.58 0.32 0.54 0.57 0.58 0.56 -1.74 -1.58 0.00 1.00 0.00 0.00 1.00 0.00
-0.85 0.36 -0.22 0.64 0.63 0.65 0.67 0.66 0.67 1.73 -0.08 1.00 0.00 0.00 0.00 1.00 0.00
1.36 -0.63 -0.35 0.58 0.60 0.67 0.66 0.64 0.62 0.57 -0.08 1.00 0.00 0.00 1.00 0.00 0.00
-1.74 -0.35 -1.24 0.66 0.63 0.66 0.70 0.49 0.66 0.57 -0.08 0.00 1.00 0.00 0.00 1.00 0.00
0.48 -1.05 0.03 0.78 0.65 0.62 0.69 0.34 0.58 1.73 1.42 1.00 0.00 0.00 1.00 0.00 0.00
-0.85 0.08 -0.61 0.59 0.61 0.61 0.64 0.62 0.69 -0.58 -0.08 0.00 1.00 0.00 0.00 1.00 0.00
-0.63 0.92 -0.10 0.62 0.61 0.58 0.63 0.39 0.63 0.57 2.92 0.00 1.00 0.00 0.00 1.00 0.00
-0.41 1.62 2.96 0.42 0.28 0.44 0.44 0.65 0.63 -0.58 -0.08 1.00 0.00 0.00 1.00 0.00 0.00
-0.85 -0.06 -0.22 0.68 0.57 0.60 0.62 0.28 0.48 1.73 1.42 0.00 1.00 0.00 0.00 0.00 1.00
-1.07 -0.06 -0.86 0.58 0.41 0.52 0.55 0.64 0.67 0.57 -0.08 0.00 1.00 0.00 0.00 1.00 0.00
-0.19 -0.49 -0.48 0.66 0.62 0.61 0.67 0.31 0.56 0.57 -0.08 1.00 0.00 0.00 0.00 1.00 0.00
1.80 2.04 1.94 0.63 0.72 0.57 0.66 0.35 0.75 -1.74 1.42 0.00 1.00 0.00 0.00 1.00 0.00
-0.19 -1.89 -0.61 0.62 0.59 0.50 0.59 0.29 0.54 1.73 1.42 1.00 0.00 0.00 0.00 1.00 0.00
-0.41 1.06 2.20 0.72 0.56 0.60 0.71 0.35 0.54 0.57 1.42 0.00 1.00 0.00 0.00 1.00 0.00
-0.19 -1.47 -1.24 0.67 0.66 0.59 0.66 0.29 0.59 -0.58 1.42 1.00 0.00 0.00 0.00 1.00 0.00
-0.41 -1.61 -1.50 0.56 0.59 0.61 0.64 0.51 0.59 -0.58 -0.08 1.00 0.00 0.00 0.00 0.00 1.00
-1.29 0.08 -0.35 0.42 0.38 0.44 0.43 0.68 0.71 -0.58 1.42 0.00 1.00 0.00 1.00 0.00 0.00
0.48 0.78 0.92 0.55 0.34 0.57 0.58 0.67 0.67 2.89 1.42 1.00 0.00 0.00 1.00 0.00 0.00
0.92 -0.35 -0.61 0.23 0.35 0.47 0.40 0.73 0.61 1.73 1.42 1.00 0.00 0.00 0.00 1.00 0.00
1.80 -2.17 -1.50 0.53 0.67 0.51 0.61 0.26 0.64 0.57 -0.08 0.00 0.00 1.00 0.00 1.00 0.00
-1.29 -0.63 0.80 0.55 0.38 0.58 0.58 0.65 0.65 -0.58 -1.58 0.00 1.00 0.00 0.00 1.00 0.00
0.48 -0.63 -0.86 0.56 0.32 0.50 0.55 0.65 0.66 0.57 -0.08 1.00 0.00 0.00 1.00 0.00 0.00
-0.85 -0.63 -0.35 0.69 0.64 0.65 0.72 0.58 0.63 0.57 -0.08 1.00 0.00 0.00 0.00 1.00 0.00
-1.74 -1.05 -0.86 0.59 0.59 0.63 0.63 0.34 0.50 0.57 -0.08 0.00 1.00 0.00 0.00 1.00 0.00
-0.19 -1.05 -0.99 0.70 0.72 0.62 0.73 0.41 0.71 1.73 -0.08 1.00 0.00 0.00 0.00 1.00 0.00
0.25 -0.06 0.67 0.58 0.61 0.62 0.63 0.55 0.65 -0.58 -0.08 0.00 1.00 0.00 0.00 1.00 0.00
-1.29 -0.91 -1.24 0.55 0.46 0.56 0.56 0.65 0.65 -0.58 -0.08 1.00 0.00 0.00 0.00 1.00 0.00
-0.19 2.32 2.20 0.66 0.70 0.62 0.67 0.23 0.62 -1.74 -0.08 0.00 1.00 0.00 0.00 1.00 0.00
0.25 1.76 1.69 0.62 0.57 0.56 0.61 0.33 0.59 -1.74 -1.58 0.00 1.00 0.00 0.00 1.00 0.00
1.80 1.48 0.80 0.62 0.65 0.70 0.73 0.57 0.65 -1.74 1.42 0.00 1.00 0.00 0.00 1.00 0.00
0.03 0.78 0.92 0.48 0.35 0.50 0.54 0.69 0.69 -0.58 -0.08 0.00 1.00 0.00 1.00 0.00 0.00
0.92 -0.35 0.03 0.49 0.38 0.52 0.52 0.63 0.65 -0.58 -0.08 1.00 0.00 0.00 0.00 1.00 0.00
0.48 1.34 0.80 0.73 0.60 0.60 0.69 0.22 0.44 1.73 1.42 0.00 1.00 0.00 0.00 1.00 0.00
-1.07 -0.06 0.03 0.58 0.58 0.65 0.65 0.64 0.65 1.73 -1.58 0.00 1.00 0.00 0.00 1.00 0.00
-0.19 1.34 -0.10 0.60 0.61 0.58 0.62 0.40 0.61 -1.74 -0.08 0.00 1.00 0.00 0.00 1.00 0.00
0.70 1.20 -0.10 0.63 0.31 0.48 0.55 0.54 0.59 -0.58 -0.08 0.00 1.00 0.00 1.00 0.00 0.00
-0.63 -1.33 -0.99 0.70 0.68 0.63 0.71 0.42 0.67 1.73 -0.08 1.00 0.00 0.00 0.00 1.00 0.00
-0.19 -0.63 -1.37 0.67 0.42 0.60 0.65 0.68 0.64 0.57 -1.58 0.00 1.00 0.00 0.00 1.00 0.00
0.25 -0.49 1.05 0.77 0.57 0.59 0.71 0.34 0.48 -0.58 -0.08 1.00 0.00 0.00 0.00 1.00 0.00
0.03 -0.06 0.03 0.25 0.28 0.38 0.32 0.65 0.63 1.73 1.42 1.00 0.00 0.00 1.00 0.00 0.00
0.92 0.78 0.16 0.66 0.64 0.68 0.71 0.45 0.69 -0.58 -0.08 0.00 0.00 1.00 0.00 1.00 0.00
-0.19 0.36 0.29 0.59 0.55 0.63 0.61 0.71 0.68 0.57 -0.08 0.00 1.00 0.00 0.00 1.00 0.00
-0.85 1.06 2.45 0.64 0.47 0.62 0.63 0.61 0.60 -0.58 -0.08 0.00 1.00 0.00 0.00 1.00 0.00
2.69 1.48 1.69 0.51 0.54 0.64 0.61 0.56 0.60 -1.74 -0.08 0.00 1.00 0.00 0.00 1.00 0.00
0.03 0.64 0.67 0.63 0.54 0.60 0.64 0.65 0.69 -0.58 -1.58 0.00 0.00 1.00 0.00 1.00 0.00
-1.52 -0.63 -1.24 0.58 0.68 0.51 0.62 0.34 0.70 0.57 -1.58 0.00 1.00 0.00 0.00 1.00 0.00
0.70 -1.47 -0.48 0.61 0.58 0.55 0.63 0.39 0.61 1.73 2.92 1.00 0.00 0.00 1.00 0.00 0.00
-0.63 -1.75 -2.14 0.68 0.48 0.65 0.65 0.73 0.68 2.89 1.42 1.00 0.00 0.00 0.00 0.00 1.00
0.25 -0.35 -0.22 0.54 0.60 0.58 0.60 0.56 0.59 -0.58 -0.08 0.00 1.00 0.00 0.00 1.00 0.00
1.14 -1.33 0.16 0.66 0.57 0.63 0.65 0.65 0.69 0.57 1.42 1.00 0.00 0.00 1.00 0.00 0.00
0.03 -0.21 -1.12 0.74 0.57 0.59 0.68 0.58 0.63 1.73 1.42 1.00 0.00 0.00 1.00 0.00 0.00
0.48 0.50 0.80 0.55 0.47 0.65 0.59 0.55 0.56 -0.58 -1.58 0.00 1.00 0.00 0.00 1.00 0.00
-0.19 0.36 0.80 0.59 0.59 0.68 0.70 0.33 0.55 -0.58 -0.08 0.00 0.00 1.00 1.00 0.00 0.00
1.14 1.06 1.05 0.67 0.56 0.51 0.62 0.25 0.49 -0.58 -0.08 0.00 1.00 0.00 0.00 1.00 0.00
-1.29 -1.33 -1.37 0.47 0.58 0.65 0.60 0.63 0.62 2.89 2.92 0.00 1.00 0.00 0.00 1.00 0.00
1.36 -0.49 -1.24 0.60 0.44 0.54 0.56 0.63 0.59 0.57 1.42 0.00 1.00 0.00 1.00 0.00 0.00
1.14 -0.21 0.41 0.64 0.64 0.59 0.67 0.41 0.66 -0.58 -0.08 0.00 0.00 1.00 1.00 0.00 0.00
0.70 -1.05 -0.61 0.72 0.65 0.63 0.69 0.28 0.51 0.57 -0.08 0.00 1.00 0.00 0.00 1.00 0.00
0.70 0.08 1.69 0.54 0.46 0.54 0.54 0.72 0.69 0.57 -0.08 1.00 0.00 0.00 0.00 1.00 0.00
1.36 -0.35 -0.35 0.63 0.46 0.62 0.64 0.68 0.62 -0.58 -0.08 0.00 1.00 0.00 0.00 1.00 0.00
0.92 -1.33 -1.24 0.72 0.62 0.50 0.63 0.26 0.62 0.57 -0.08 0.00 1.00 0.00 0.00 1.00 0.00
0.03 -0.06 -0.10 0.59 0.54 0.54 0.60 0.41 0.56 0.57 1.42 1.00 0.00 0.00 0.00 1.00 0.00
0.25 1.48 0.29 0.66 0.39 0.56 0.60 0.62 0.61 -1.74 -1.58 0.00 1.00 0.00 0.00 1.00 0.00
-1.29 -1.19 -0.86 0.64 0.58 0.61 0.66 0.68 0.65 0.57 -0.08 0.00 1.00 0.00 0.00 1.00 0.00
-0.41 1.20 0.67 0.68 0.50 0.59 0.63 0.62 0.64 -0.58 1.42 0.00 1.00 0.00 0.00 0.00 1.00
0.48 0.22 0.29 0.48 0.57 0.60 0.63 0.39 0.51 -0.58 -0.08 1.00 0.00 0.00 0.00 1.00 0.00
-1.52 -0.35 -1.50 0.57 0.61 0.53 0.60 0.37 0.68 -0.58 -1.58 0.00 1.00 0.00 0.00 1.00 0.00
0.25 0.08 0.29 0.77 0.63 0.55 0.64 0.31 0.66 0.57 -0.08 0.00 1.00 0.00 0.00 1.00 0.00
1.14 -1.05 -0.86 0.69 0.68 0.50 0.67 0.24 0.63 0.57 1.42 1.00 0.00 0.00 1.00 0.00 0.00
0.03 -1.05 -1.12 0.52 0.68 0.56 0.62 0.34 0.67 0.57 -0.08 1.00 0.00 0.00 0.00 1.00 0.00
-0.63 0.22 0.67 0.57 0.41 0.45 0.48 0.65 0.65 0.57 1.42 1.00 0.00 0.00 1.00 0.00 0.00
0.48 -0.35 0.16 0.77 0.59 0.62 0.70 0.28 0.55 -0.58 -0.08 1.00 0.00 0.00 1.00 0.00 0.00
-1.52 -1.75 -1.88 0.72 0.56 0.62 0.70 0.58 0.59 0.57 -1.58 1.00 0.00 0.00 0.00 1.00 0.00
0.25 -0.77 -0.86 0.55 0.59 0.67 0.64 0.67 0.67 0.57 1.42 0.00 1.00 0.00 0.00 1.00 0.00
-1.52 0.50 -0.35 0.62 0.60 0.69 0.71 0.53 0.62 -1.74 -1.58 0.00 1.00 0.00 0.00 1.00 0.00
-1.07 -0.91 0.54 0.67 0.57 0.63 0.70 0.19 0.44 0.57 1.42 0.00 1.00 0.00 0.00 1.00 0.00
-1.29 -0.49 -0.22 0.58 0.57 0.60 0.63 0.55 0.58 -0.58 -1.58 1.00 0.00 0.00 0.00 0.00 1.00
0.48 -1.05 -0.22 0.53 0.33 0.48 0.46 0.63 0.66 -0.58 -0.08 0.00 0.00 1.00 1.00 0.00 0.00
0.03 -1.89 -1.37 0.56 0.50 0.63 0.61 0.45 0.43 -0.58 1.42 0.00 1.00 0.00 1.00 0.00 0.00
-1.29 -0.35 -1.12 0.56 0.58 0.61 0.59 0.59 0.69 0.57 -0.08 0.00 1.00 0.00 0.00 1.00 0.00
-0.63 -0.77 -0.61 0.55 0.60 0.64 0.66 0.45 0.54 0.57 1.42 1.00 0.00 0.00 0.00 1.00 0.00
0.25 1.20 0.03 0.56 0.70 0.55 0.60 0.30 0.73 0.57 -0.08 0.00 1.00 0.00 0.00 1.00 0.00
0.03 0.36 -0.48 0.59 0.39 0.53 0.56 0.70 0.69 0.57 -0.08 0.00 1.00 0.00 0.00 0.00 1.00
0.25 -1.19 -2.14 0.54 0.41 0.55 0.57 0.40 0.40 0.57 -0.08 1.00 0.00 0.00 1.00 0.00 0.00
-0.41 -0.06 -0.99 0.44 0.58 0.67 0.62 0.62 0.67 -0.58 -0.08 1.00 0.00 0.00 0.00 1.00 0.00
0.92 -0.49 -0.35 0.64 0.35 0.53 0.55 0.73 0.68 0.57 -0.08 1.00 0.00 0.00 1.00 0.00 0.00
-0.85 -0.63 -0.61 0.77 0.71 0.72 0.80 0.30 0.57 -0.58 -0.08 0.00 1.00 0.00 0.00 1.00 0.00
-1.29 0.78 -0.22 0.58 0.54 0.70 0.64 0.53 0.58 -1.74 -1.58 0.00 1.00 0.00 0.00 1.00 0.00
0.92 -0.35 0.16 0.74 0.72 0.68 0.76 0.36 0.66 -0.58 -0.08 0.00 1.00 0.00 1.00 0.00 0.00
-1.52 1.90 0.41 0.68 0.68 0.61 0.72 0.39 0.65 -0.58 -0.08 0.00 1.00 0.00 0.00 1.00 0.00
0.48 -1.33 -0.99 0.60 0.58 0.57 0.62 0.40 0.59 0.57 -0.08 1.00 0.00 0.00 1.00 0.00 0.00
-0.19 -1.61 -0.73 0.62 0.60 0.70 0.66 0.65 0.70 1.73 1.42 1.00 0.00 0.00 1.00 0.00 0.00
0.25 -0.63 -1.37 0.55 0.53 0.65 0.65 0.57 0.62 -0.58 -1.58 1.00 0.00 0.00 0.00 1.00 0.00
0.48 1.48 0.92 0.67 0.73 0.75 0.74 0.38 0.65 -0.58 -0.08 0.00 1.00 0.00 1.00 0.00 0.00
0.70 1.76 0.54 0.55 0.59 0.66 0.60 0.65 0.67 -0.58 -0.08 0.00 1.00 0.00 0.00 1.00 0.00
-0.85 1.20 0.92 0.55 0.55 0.59 0.60 0.65 0.69 -0.58 -0.08 0.00 1.00 0.00 0.00 1.00 0.00
0.92 -0.21 0.92 0.68 0.59 0.59 0.64 0.65 0.70 1.73 -1.58 1.00 0.00 0.00 0.00 1.00 0.00
0.03 0.78 0.92 0.57 0.63 0.52 0.58 0.24 0.67 0.57 -0.08 1.00 0.00 0.00 1.00 0.00 0.00
0.25 -1.47 -0.35 0.66 0.66 0.61 0.70 0.42 0.65 1.73 -0.08 1.00 0.00 0.00 1.00 0.00 0.00
0.03 -1.47 -1.50 0.61 0.43 0.41 0.52 0.63 0.67 0.57 1.42 1.00 0.00 0.00 0.00 1.00 0.00
-1.52 0.36 -1.63 0.28 0.35 0.42 0.33 0.62 0.67 0.57 -0.08 1.00 0.00 0.00 0.00 0.00 1.00
0.48 1.62 1.05 0.66 0.68 0.61 0.68 0.48 0.67 0.57 -0.08 0.00 1.00 0.00 1.00 0.00 0.00
2.47 1.48 1.31 0.48 0.33 0.45 0.44 0.63 0.69 -1.74 -0.08 0.00 1.00 0.00 0.00 1.00 0.00
1.14 0.50 0.29 0.78 0.61 0.64 0.74 0.40 0.52 1.73 1.42 1.00 0.00 0.00 1.00 0.00 0.00
-0.63 -1.05 -1.50 0.63 0.66 0.66 0.70 0.34 0.56 1.73 -0.08 0.00 1.00 0.00 0.00 1.00 0.00
0.25 -1.47 -1.50 0.73 0.62 0.57 0.68 0.33 0.55 0.57 -0.08 1.00 0.00 0.00 0.00 1.00 0.00
1.36 1.48 2.33 0.63 0.61 0.59 0.65 0.44 0.62 -1.74 -1.58 0.00 1.00 0.00 0.00 1.00 0.00
0.03 0.92 0.92 0.49 0.34 0.56 0.54 0.66 0.70 -1.74 -1.58 0.00 1.00 0.00 0.00 1.00 0.00
0.25 0.36 0.41 0.62 0.51 0.55 0.57 0.66 0.67 0.57 1.42 1.00 0.00 0.00 0.00 1.00 0.00
-1.29 0.36 0.67 0.41 0.24 0.33 0.43 0.47 0.54 0.57 -0.08 1.00 0.00 0.00 0.00 1.00 0.00
1.36 -2.03 -1.37 0.56 0.53 0.59 0.59 0.68 0.71 1.73 2.92 1.00 0.00 0.00 0.00 0.00 1.00
-0.85 -0.63 0.03 0.59 0.64 0.58 0.61 0.40 0.67 -0.58 -1.58 0.00 1.00 0.00 1.00 0.00 0.00
0.25 -0.63 0.16 0.52 0.35 0.42 0.52 0.64 0.64 0.57 -0.08 0.00 1.00 0.00 0.00 1.00 0.00
1.58 0.78 -0.10 0.69 0.51 0.58 0.63 0.61 0.61 -0.58 -0.08 0.00 1.00 0.00 1.00 0.00 0.00
-1.07 0.78 -0.10 0.55 0.67 0.48 0.58 0.35 0.65 -0.58 -0.08 0.00 1.00 0.00 0.00 1.00 0.00
-1.29 -0.63 0.03 0.52 0.43 0.56 0.59 0.64 0.65 -0.58 -0.08 1.00 0.00 0.00 0.00 1.00 0.00
1.80 0.64 1.43 0.61 0.45 0.55 0.57 0.60 0.64 -1.74 -0.08 0.00 1.00 0.00 0.00 1.00 0.00
-1.29 0.22 -1.75 0.54 0.67 0.76 0.70 0.53 0.57 -0.58 -0.08 0.00 1.00 0.00 0.00 1.00 0.00
-0.19 -0.49 -0.61 0.65 0.62 0.59 0.63 0.35 0.66 -0.58 -0.08 0.00 1.00 0.00 0.00 1.00 0.00
0.25 -0.06 -1.24 0.59 0.43 0.55 0.63 0.65 0.65 0.57 -0.08 1.00 0.00 0.00 1.00 0.00 0.00
-1.07 0.08 -0.22 0.61 0.65 0.65 0.69 0.35 0.54 0.57 -0.08 1.00 0.00 0.00 0.00 1.00 0.00
0.92 0.08 -0.10 0.66 0.37 0.55 0.62 0.64 0.57 -0.58 -0.08 0.00 1.00 0.00 0.00 1.00 0.00
0.03 -0.77 0.03 0.64 0.59 0.64 0.70 0.58 0.63 1.73 -0.08 0.00 1.00 0.00 0.00 0.00 1.00
-0.63 -0.63 -0.10 0.41 0.26 0.35 0.48 0.66 0.69 -0.58 -0.08 1.00 0.00 0.00 0.00 1.00 0.00
0.48 0.50 1.31 0.63 0.64 0.60 0.67 0.30 0.64 0.57 1.42 1.00 0.00 0.00 0.00 1.00 0.00
0.25 0.78 0.92 0.54 0.48 0.50 0.46 0.70 0.69 -0.58 -1.58 1.00 0.00 0.00 0.00 1.00 0.00
-1.52 0.08 -0.22 0.71 0.62 0.54 0.65 0.30 0.61 0.57 -0.08 0.00 1.00 0.00 0.00 1.00 0.00
1.58 -0.35 0.41 0.53 0.54 0.60 0.57 0.63 0.70 0.57 -0.08 0.00 1.00 0.00 1.00 0.00 0.00
-0.41 0.50 0.03 0.53 0.32 0.41 0.45 0.66 0.65 0.57 -1.58 1.00 0.00 0.00 0.00 1.00 0.00
0.25 0.50 0.03 0.67 0.47 0.58 0.63 0.60 0.58 0.57 -0.08 1.00 0.00 0.00 0.00 1.00 0.00
0.03 -0.35 0.41 0.34 0.64 0.58 0.57 0.28 0.60 -0.58 1.42 1.00 0.00 0.00 0.00 1.00 0.00
0.92 -1.05 -0.61 0.66 0.63 0.57 0.67 0.49 0.64 1.73 -0.08 1.00 0.00 0.00 0.00 0.00 1.00
0.48 0.92 0.16 0.72 0.64 0.51 0.64 0.19 0.58 -0.58 1.42 0.00 1.00 0.00 1.00 0.00 0.00
-0.85 -0.35 -0.48 0.61 0.57 0.60 0.69 0.32 0.53 -0.58 -0.08 1.00 0.00 0.00 0.00 1.00 0.00
0.70 -1.33 -0.61 0.70 0.63 0.53 0.64 0.33 0.68 -0.58 -0.08 0.00 1.00 0.00 0.00 1.00 0.00
-1.29 0.50 -0.35 0.67 0.69 0.62 0.68 0.38 0.66 -1.74 -1.58 0.00 1.00 0.00 0.00 1.00 0.00
2.25 2.60 -0.22 0.56 0.58 0.46 0.55 0.25 0.59 0.57 -0.08 0.00 1.00 0.00 0.00 1.00 0.00
-0.19 0.36 0.03 0.57 0.61 0.43 0.55 0.29 0.69 -0.58 -1.58 1.00 0.00 0.00 1.00 0.00 0.00
-1.29 0.08 -1.37 0.43 0.39 0.49 0.47 0.70 0.66 -0.58 -0.08 0.00 1.00 0.00 0.00 1.00 0.00
-1.07 0.78 -0.10 0.71 0.61 0.64 0.74 0.32 0.41 0.57 -1.58 0.00 1.00 0.00 0.00 1.00 0.00
0.92 0.92 1.56 0.55 0.48 0.50 0.56 0.31 0.51 -1.74 -0.08 0.00 1.00 0.00 0.00 1.00 0.00
0.03 0.78 -0.35 0.59 0.67 0.57 0.62 0.41 0.74 0.57 1.42 1.00 0.00 0.00 1.00 0.00 0.00
2.02 1.90 1.69 0.53 0.50 0.45 0.52 0.70 0.66 -1.74 -0.08 0.00 1.00 0.00 0.00 1.00 0.00
-0.63 -0.21 -0.48 0.76 0.67 0.70 0.76 0.43 0.56 0.57 -0.08 0.00 1.00 0.00 1.00 0.00 0.00
-1.07 1.20 0.03 0.55 0.49 0.58 0.59 0.67 0.65 -0.58 -1.58 1.00 0.00 0.00 0.00 1.00 0.00
-0.85 0.50 0.41 0.60 0.45 0.52 0.54 0.59 0.63 -1.74 -1.58 0.00 1.00 0.00 0.00 1.00 0.00
1.36 -0.63 -0.86 0.50 0.51 0.62 0.64 0.65 0.66 -0.58 -0.08 0.00 1.00 0.00 0.00 1.00 0.00
0.92 0.78 1.56 0.61 0.64 0.74 0.74 0.22 0.51 -0.58 -0.08 0.00 1.00 0.00 0.00 1.00 0.00
1.36 0.36 0.67 0.61 0.54 0.55 0.64 0.44 0.60 -1.74 -0.08 0.00 1.00 0.00 0.00 1.00 0.00
0.92 0.36 0.41 0.62 0.57 0.65 0.66 0.68 0.73 1.73 -0.08 0.00 1.00 0.00 0.00 1.00 0.00
-0.63 -0.35 0.67 0.75 0.57 0.53 0.68 0.21 0.47 0.57 1.42 0.00 1.00 0.00 0.00 1.00 0.00
1.36 0.78 1.56 0.65 0.61 0.64 0.65 0.62 0.64 -0.58 -0.08 0.00 1.00 0.00 0.00 1.00 0.00
0.92 -0.91 -0.10 0.61 0.53 0.60 0.62 0.44 0.53 1.73 1.42 0.00 1.00 0.00 0.00 0.00 1.00
0.48 1.48 1.18 0.76 0.64 0.59 0.71 0.24 0.60 -0.58 -0.08 0.00 1.00 0.00 0.00 1.00 0.00
-1.74 1.20 0.03 0.29 0.56 0.67 0.59 0.67 0.65 -0.58 -0.08 1.00 0.00 0.00 0.00 1.00 0.00
0.25 0.50 -0.10 0.57 0.29 0.48 0.53 0.64 0.61 -0.58 1.42 1.00 0.00 0.00 0.00 1.00 0.00
-0.19 0.22 0.67 0.49 0.36 0.55 0.56 0.65 0.61 -0.58 -0.08 0.00 1.00 0.00 1.00 0.00 0.00
-1.07 -0.35 -0.73 0.71 0.50 0.51 0.58 0.26 0.48 -0.58 -0.08 0.00 1.00 0.00 0.00 1.00 0.00
-0.63 -0.63 0.16 0.50 0.58 0.60 0.62 0.63 0.68 -0.58 -0.08 0.00 1.00 0.00 0.00 1.00 0.00
0.03 0.50 0.16 0.40 0.31 0.42 0.35 0.67 0.69 -0.58 -0.08 0.00 1.00 0.00 0.00 1.00 0.00
0.48 -0.21 -0.10 0.55 0.62 0.60 0.63 0.52 0.72 1.73 -1.58 0.00 1.00 0.00 0.00 0.00 1.00
-0.41 -0.35 -1.37 0.66 0.43 0.61 0.62 0.62 0.64 1.73 -0.08 1.00 0.00 0.00 0.00 1.00 0.00
-0.63 -0.06 0.41 0.73 0.61 0.60 0.68 0.39 0.52 0.57 1.42 1.00 0.00 0.00 0.00 0.00 1.00
0.25 -0.49 -0.86 0.75 0.58 0.59 0.72 0.28 0.67 0.57 -1.58 1.00 0.00 0.00 0.00 1.00 0.00
-1.29 -0.49 0.67 0.80 0.66 0.55 0.68 0.25 0.50 0.57 1.42 0.00 1.00 0.00 0.00 0.00 1.00
0.70 -0.77 -0.86 0.66 0.54 0.56 0.69 0.24 0.55 1.73 -0.08 0.00 1.00 0.00 0.00 1.00 0.00
1.58 0.50 3.09 0.65 0.63 0.62 0.67 0.41 0.65 -0.58 -0.08 0.00 1.00 0.00 0.00 1.00 0.00
-1.07 1.20 0.80 0.57 0.51 0.58 0.59 0.62 0.64 -0.58 1.42 0.00 1.00 0.00 0.00 1.00 0.00
0.70 0.08 0.54 0.44 0.62 0.53 0.58 0.37 0.67 -0.58 -0.08 1.00 0.00 0.00 1.00 0.00 0.00
0.70 -1.47 0.67 0.73 0.54 0.58 0.63 0.60 0.62 0.57 -0.08 1.00 0.00 0.00 0.00 1.00 0.00
-0.41 0.92 1.31 0.58 0.69 0.71 0.67 0.45 0.60 -1.74 -0.08 0.00 1.00 0.00 0.00 1.00 0.00
0.92 0.36 1.18 0.59 0.42 0.55 0.56 0.61 0.62 -0.58 -0.08 0.00 1.00 0.00 1.00 0.00 0.00
-1.29 -2.03 -1.50 0.76 0.67 0.62 0.75 0.24 0.58 -0.58 -0.08 0.00 1.00 0.00 0.00 1.00 0.00
-0.63 -0.77 -0.86 0.75 0.64 0.53 0.61 0.25 0.65 -0.58 -0.08 0.00 1.00 0.00 0.00 1.00 0.00
0.70 0.78 0.80 0.56 0.57 0.60 0.60 0.59 0.63 -0.58 -0.08 1.00 0.00 0.00 1.00 0.00 0.00
-1.07 1.20 0.67 0.59 0.54 0.60 0.61 0.58 0.61 -0.58 -0.08 0.00 1.00 0.00 0.00 1.00 0.00
-1.29 1.90 2.33 0.79 0.51 0.51 0.68 0.21 0.59 -0.58 -1.58 0.00 0.00 1.00 0.00 1.00 0.00
-1.74 2.46 0.29 0.39 0.32 0.47 0.47 0.64 0.69 -0.58 -0.08 0.00 1.00 0.00 0.00 1.00 0.00
1.14 0.36 0.80 0.51 0.23 0.38 0.39 0.64 0.61 0.57 -0.08 0.00 1.00 0.00 0.00 0.00 1.00
-0.63 0.78 1.31 0.73 0.56 0.57 0.66 0.37 0.48 -0.58 -0.08 0.00 1.00 0.00 1.00 0.00 0.00
-0.19 0.36 -0.73 0.73 0.51 0.54 0.61 0.60 0.64 0.57 -0.08 0.00 1.00 0.00 0.00 1.00 0.00
-0.85 -0.35 -0.86 0.55 0.54 0.63 0.65 0.47 0.52 -0.58 -0.08 0.00 1.00 0.00 0.00 1.00 0.00
0.70 2.60 2.07 0.68 0.59 0.39 0.59 0.24 0.66 -1.74 2.92 0.00 1.00 0.00 0.00 1.00 0.00
-0.63 0.36 -0.22 0.64 0.54 0.60 0.64 0.37 0.51 -0.58 -0.08 0.00 1.00 0.00 0.00 1.00 0.00
-0.85 0.50 0.29 0.59 0.59 0.58 0.58 0.60 0.68 -0.58 -0.08 0.00 1.00 0.00 1.00 0.00 0.00
1.80 -1.61 -1.50 0.63 0.31 0.51 0.56 0.59 0.66 0.57 1.42 0.00 1.00 0.00 0.00 0.00 1.00
-0.41 0.64 -0.61 0.44 0.37 0.35 0.44 0.61 0.62 0.57 -0.08 0.00 1.00 0.00 0.00 1.00 0.00
-1.07 -1.33 -0.99 0.54 0.26 0.45 0.54 0.64 0.65 0.57 1.42 0.00 1.00 0.00 0.00 1.00 0.00
0.03 0.36 0.67 0.52 0.56 0.61 0.56 0.57 0.62 -0.58 -0.08 0.00 1.00 0.00 1.00 0.00 0.00
1.80 -0.35 1.31 0.57 0.54 0.55 0.56 0.31 0.56 -0.58 -0.08 0.00 1.00 0.00 1.00 0.00 0.00
0.48 -0.35 -1.12 0.64 0.49 0.57 0.65 0.55 0.61 1.73 -0.08 1.00 0.00 0.00 1.00 0.00 0.00
-0.41 -0.63 -0.61 0.57 0.46 0.55 0.61 0.59 0.61 -0.58 -1.58 1.00 0.00 0.00 0.00 1.00 0.00
0.03 -0.63 0.03 0.74 0.42 0.51 0.58 0.53 0.64 0.57 1.42 1.00 0.00 0.00 0.00 1.00 0.00
-1.52 -0.77 -0.86 0.66 0.36 0.54 0.60 0.56 0.58 -0.58 -0.08 0.00 1.00 0.00 0.00 1.00 0.00
0.03 0.08 -0.10 0.49 0.36 0.48 0.52 0.59 0.59 0.57 -0.08 1.00 0.00 0.00 1.00 0.00 0.00
-1.74 -2.17 -2.01 0.60 0.57 0.58 0.59 0.39 0.59 0.57 -0.08 1.00 0.00 0.00 0.00 1.00 0.00
1.36 0.08 1.69 0.69 0.50 0.59 0.57 0.54 0.57 -0.58 1.42 1.00 0.00 0.00 0.00 1.00 0.00
-1.07 -0.35 -0.22 0.52 0.28 0.45 0.55 0.58 0.61 0.57 -0.08 0.00 1.00 0.00 0.00 1.00 0.00
1.14 -1.47 -0.61 0.67 0.61 0.33 0.56 0.18 0.51 1.73 -1.58 1.00 0.00 0.00 0.00 1.00 0.00
1.36 -0.35 -1.63 0.70 0.54 0.53 0.63 0.23 0.45 0.57 -0.08 0.00 1.00 0.00 0.00 1.00 0.00
0.25 0.78 1.69 0.62 0.57 0.59 0.60 0.52 0.61 0.57 1.42 0.00 1.00 0.00 0.00 0.00 1.00
0.48 0.78 0.80 0.58 0.54 0.53 0.60 0.42 0.57 -1.74 -1.58 0.00 1.00 0.00 0.00 1.00 0.00
2.25 0.64 1.69 0.64 0.36 0.45 0.55 0.56 0.60 -0.58 1.42 0.00 1.00 0.00 1.00 0.00 0.00
-0.63 -0.49 -0.22 0.56 0.47 0.55 0.57 0.60 0.63 -0.58 -0.08 0.00 1.00 0.00 0.00 1.00 0.00
-1.29 -1.05 -0.48 0.72 0.43 0.49 0.58 0.28 0.51 1.73 1.42 1.00 0.00 0.00 1.00 0.00 0.00
-1.29 -0.49 -1.24 0.49 0.34 0.45 0.47 0.57 0.58 0.57 -0.08 0.00 1.00 0.00 0.00 1.00 0.00
-0.63 0.36 -0.73 0.61 0.56 0.47 0.58 0.29 0.51 0.57 -0.08 1.00 0.00 0.00 0.00 1.00 0.00
0.03 0.50 0.41 0.55 0.54 0.51 0.53 0.40 0.56 0.57 -1.58 0.00 1.00 0.00 0.00 1.00 0.00
0.03 1.06 0.80 0.62 0.49 0.55 0.59 0.38 0.55 0.57 1.42 0.00 1.00 0.00 0.00 0.00 1.00
0.70 -0.06 0.16 0.61 0.43 0.52 0.58 0.49 0.60 0.57 -0.08 0.00 1.00 0.00 0.00 1.00 0.00
0.92 -0.91 0.41 0.68 0.49 0.54 0.58 0.40 0.56 -0.58 -0.08 0.00 0.00 1.00 1.00 0.00 0.00
0.03 -0.91 -1.24 0.71 0.53 0.41 0.57 0.21 0.47 0.57 -1.58 1.00 0.00 0.00 0.00 1.00 0.00
0.92 2.04 3.09 0.50 0.30 0.36 0.44 0.59 0.62 -1.74 -0.08 0.00 1.00 0.00 0.00 1.00 0.00
0.25 0.64 0.80 0.65 0.52 0.49 0.63 0.20 0.38 -0.58 -1.58 0.00 1.00 0.00 1.00 0.00 0.00
-1.29 -1.33 -0.86 0.71 0.58 0.41 0.61 0.15 0.51 -0.58 -0.08 0.00 1.00 0.00 0.00 1.00 0.00
1.36 0.08 0.03 0.60 0.53 0.51 0.59 0.39 0.45 -0.58 1.42 0.00 1.00 0.00 0.00 1.00 0.00
1.14 -0.77 -0.10 0.55 0.54 0.55 0.59 0.41 0.55 0.57 -0.08 1.00 0.00 0.00 0.00 1.00 0.00
-1.07 -2.03 -0.86 0.49 0.24 0.39 0.47 0.55 0.56 0.57 -0.08 1.00 0.00 0.00 0.00 0.00 1.00
-1.52 1.06 -0.10 0.58 0.35 0.44 0.53 0.53 0.52 -0.58 -0.08 0.00 1.00 0.00 1.00 0.00 0.00
-1.07 -0.06 1.69 0.54 0.25 0.35 0.37 0.57 0.55 0.57 -0.08 0.00 1.00 0.00 0.00 1.00 0.00
0.25 0.50 1.69 0.56 0.51 0.59 0.61 0.40 0.45 -0.58 -0.08 1.00 0.00 0.00 1.00 0.00 0.00
-0.19 0.50 0.54 0.60 0.38 0.49 0.53 0.55 0.62 0.57 -0.08 1.00 0.00 0.00 0.00 0.00 1.00
-1.52 -1.33 -0.86 0.65 0.45 0.54 0.57 0.49 0.56 -0.58 -1.58 1.00 0.00 0.00 0.00 1.00 0.00
0.92 -0.49 -0.61 0.63 0.41 0.51 0.58 0.51 0.52 0.57 -0.08 0.00 1.00 0.00 0.00 1.00 0.00
0.70 -0.06 -0.61 0.58 0.54 0.53 0.59 0.40 0.55 1.73 1.42 1.00 0.00 0.00 0.00 1.00 0.00
0.92 0.08 -0.48 0.53 0.50 0.52 0.54 0.35 0.51 0.57 -1.58 0.00 1.00 0.00 0.00 1.00 0.00
-1.07 -0.35 -0.10 0.66 0.53 0.46 0.57 0.18 0.45 0.57 1.42 0.00 1.00 0.00 0.00 1.00 0.00
1.36 0.78 1.69 0.73 0.52 0.44 0.60 0.20 0.45 -1.74 -1.58 0.00 1.00 0.00 0.00 1.00 0.00
2.02 0.50 0.41 0.62 0.41 0.49 0.57 0.37 0.46 -1.74 -0.08 0.00 1.00 0.00 0.00 1.00 0.00
1.80 -0.63 0.67 0.65 0.31 0.41 0.53 0.53 0.55 0.57 -0.08 0.00 1.00 0.00 1.00 0.00 0.00
-1.52 -0.35 -0.86 0.47 0.25 0.35 0.42 0.52 0.58 0.57 -0.08 0.00 1.00 0.00 0.00 1.00 0.00
1.14 0.78 1.18 0.69 0.54 0.41 0.56 0.27 0.53 -1.74 -0.08 0.00 1.00 0.00 0.00 1.00 0.00
0.92 -0.63 -0.48 0.69 0.50 0.50 0.57 0.25 0.44 0.57 1.42 0.00 1.00 0.00 0.00 1.00 0.00
-0.41 1.20 1.69 0.61 0.54 0.44 0.52 0.20 0.51 -0.58 -0.08 1.00 0.00 0.00 0.00 1.00 0.00
0.48 1.06 1.31 0.52 0.41 0.50 0.50 0.53 0.52 -0.58 -0.08 0.00 1.00 0.00 0.00 1.00 0.00
-0.41 -0.21 0.29 0.56 0.53 0.37 0.46 0.18 0.51 -0.58 -0.08 0.00 1.00 0.00 0.00 1.00 0.00
0.70 0.78 0.41 0.52 0.47 0.54 0.56 0.40 0.48 -1.74 -0.08 0.00 1.00 0.00 0.00 1.00 0.00
-0.63 -2.73 -2.14 0.51 0.47 0.47 0.52 0.39 0.49 0.57 1.42 1.00 0.00 0.00 0.00 1.00 0.00
0.70 -1.89 -1.50 0.71 0.50 0.42 0.52 0.28 0.53 1.73 2.92 1.00 0.00 0.00 0.00 1.00 0.00
1.36 0.36 0.16 0.58 0.51 0.41 0.48 0.19 0.47 -0.58 1.42 0.00 1.00 0.00 1.00 0.00 0.00
0.25 -0.35 -0.10 0.56 0.46 0.52 0.51 0.43 0.48 1.73 -1.58 0.00 1.00 0.00 0.00 0.00 1.00
-0.41 -0.35 0.41 0.65 0.53 0.48 0.57 0.28 0.44 -0.58 -0.08 0.00 1.00 0.00 1.00 0.00 0.00
-0.63 0.36 0.03 0.55 0.27 0.40 0.41 0.52 0.55 -1.74 -0.08 0.00 1.00 0.00 0.00 1.00 0.00
-1.07 0.92 1.31 0.54 0.45 0.47 0.56 0.30 0.35 -0.58 -0.08 0.00 1.00 0.00 1.00 0.00 0.00
-1.29 -1.33 -1.12 0.62 0.51 0.42 0.52 0.18 0.45 0.57 -0.08 0.00 1.00 0.00 0.00 1.00 0.00
2.25 1.06 0.92 0.47 0.27 0.29 0.33 0.52 0.52 -0.58 -0.08 0.00 1.00 0.00 1.00 0.00 0.00
1.14 -0.49 -0.61 0.55 0.28 0.34 0.49 0.51 0.43 -0.58 -0.08 1.00 0.00 0.00 0.00 1.00 0.00
1.80 0.92 1.69 0.49 0.40 0.48 0.51 0.42 0.48 0.57 1.42 0.00 1.00 0.00 0.00 1.00 0.00
0.48 -0.35 -0.10 0.65 0.51 0.39 0.52 0.23 0.60 1.73 -1.58 0.00 1.00 0.00 0.00 0.00 1.00
0.03 0.78 -0.73 0.69 0.46 0.41 0.57 0.15 0.43 0.57 1.42 0.00 1.00 0.00 0.00 1.00 0.00
-1.07 1.90 0.03 0.69 0.43 0.40 0.55 0.15 0.36 -1.74 -0.08 0.00 1.00 0.00 0.00 1.00 0.00
-1.96 -1.33 -1.50 0.65 0.50 0.48 0.56 0.29 0.39 0.57 -0.08 0.00 1.00 0.00 0.00 1.00 0.00
0.03 -1.33 -0.10 0.51 0.53 0.44 0.51 0.23 0.51 1.73 1.42 1.00 0.00 0.00 0.00 1.00 0.00
-1.52 -1.47 -2.14 0.58 0.25 0.41 0.46 0.47 0.52 0.57 -0.08 0.00 1.00 0.00 0.00 1.00 0.00
0.25 -0.35 -0.35 0.50 0.49 0.45 0.54 0.30 0.48 -0.58 -0.08 0.00 1.00 0.00 1.00 0.00 0.00
0.92 -0.35 0.16 0.56 0.40 0.48 0.51 0.41 0.51 -0.58 -0.08 0.00 1.00 0.00 0.00 1.00 0.00
0.03 -2.03 -0.22 0.57 0.51 0.35 0.46 0.18 0.49 -0.58 -1.58 1.00 0.00 0.00 0.00 1.00 0.00
-0.85 0.36 -0.10 0.56 0.44 0.52 0.52 0.34 0.42 -0.58 -0.08 0.00 1.00 0.00 0.00 1.00 0.00
-0.41 -0.35 -0.86 0.44 0.35 0.49 0.46 0.47 0.53 0.57 -0.08 0.00 1.00 0.00 1.00 0.00 0.00
0.48 0.50 0.29 0.56 0.44 0.51 0.52 0.38 0.45 0.57 1.42 0.00 1.00 0.00 1.00 0.00 0.00
0.92 -0.63 -0.86 0.54 0.46 0.45 0.51 0.39 0.49 0.57 -1.58 1.00 0.00 0.00 1.00 0.00 0.00
0.92 -0.35 0.03 0.57 0.48 0.51 0.53 0.30 0.39 0.57 -0.08 1.00 0.00 0.00 0.00 1.00 0.00
-1.07 0.08 0.03 0.55 0.26 0.41 0.51 0.49 0.47 -0.58 -0.08 0.00 1.00 0.00 0.00 1.00 0.00
1.14 0.64 1.56 0.52 0.42 0.52 0.54 0.38 0.38 0.57 -1.58 0.00 1.00 0.00 0.00 1.00 0.00
-0.85 -0.91 -0.61 0.49 0.46 0.49 0.52 0.38 0.49 -0.58 -0.08 0.00 1.00 0.00 1.00 0.00 0.00
-0.41 1.20 -0.35 0.48 0.24 0.31 0.34 0.50 0.49 0.57 -0.08 0.00 1.00 0.00 0.00 1.00 0.00
1.14 1.20 0.92 0.58 0.50 0.38 0.46 0.19 0.48 -0.58 -0.08 0.00 1.00 0.00 0.00 1.00 0.00
-0.41 1.48 1.05 0.50 0.45 0.46 0.50 0.36 0.47 -1.74 -0.08 0.00 1.00 0.00 0.00 1.00 0.00
-1.07 -0.63 -0.10 0.41 0.27 0.32 0.31 0.50 0.51 1.73 -0.08 1.00 0.00 0.00 0.00 0.00 1.00
0.70 -0.35 0.16 0.56 0.46 0.38 0.48 0.25 0.51 0.57 -0.08 0.00 1.00 0.00 0.00 0.00 1.00
0.25 0.36 0.41 0.48 0.29 0.29 0.47 0.52 0.43 0.57 -0.08 1.00 0.00 0.00 0.00 1.00 0.00
-0.41 1.06 0.80 0.52 0.46 0.51 0.51 0.37 0.44 -0.58 -0.08 0.00 1.00 0.00 0.00 1.00 0.00
0.03 -0.77 0.29 0.47 0.21 0.39 0.40 0.48 0.49 1.73 1.42 0.00 1.00 0.00 0.00 1.00 0.00
1.58 -0.06 0.54 0.56 0.47 0.43 0.50 0.23 0.49 0.57 1.42 0.00 1.00 0.00 0.00 1.00 0.00
-0.63 -0.63 -1.63 0.50 0.28 0.42 0.44 0.49 0.51 -0.58 -1.58 1.00 0.00 0.00 1.00 0.00 0.00
-0.19 0.36 -0.10 0.54 0.26 0.33 0.43 0.49 0.51 -0.58 -0.08 0.00 1.00 0.00 1.00 0.00 0.00
-0.63 0.78 -0.22 0.48 0.24 0.29 0.35 0.49 0.51 -0.58 -0.08 1.00 0.00 0.00 0.00 1.00 0.00
-0.85 0.22 0.16 0.47 0.48 0.35 0.47 0.24 0.57 1.73 1.42 1.00 0.00 0.00 0.00 1.00 0.00
-0.19 1.48 1.94 0.52 0.47 0.51 0.50 0.36 0.49 -0.58 -0.08 1.00 0.00 0.00 0.00 1.00 0.00
0.70 0.08 1.69 0.61 0.51 0.34 0.45 0.15 0.41 0.57 -0.08 1.00 0.00 0.00 0.00 1.00 0.00
0.03 -0.35 0.16 0.49 0.44 0.46 0.49 0.36 0.45 0.57 -0.08 1.00 0.00 0.00 0.00 1.00 0.00
1.36 -1.75 -0.35 0.67 0.35 0.41 0.51 0.45 0.49 0.57 -0.08 1.00 0.00 0.00 0.00 1.00 0.00
0.48 0.08 0.41 0.73 0.44 0.33 0.43 0.15 0.46 -1.74 -0.08 0.00 1.00 0.00 0.00 1.00 0.00
1.58 0.08 -0.61 0.45 0.44 0.48 0.47 0.24 0.46 -0.58 -0.08 0.00 1.00 0.00 1.00 0.00 0.00
-1.29 -1.05 -0.61 0.52 0.39 0.49 0.45 0.33 0.42 -0.58 -0.08 0.00 1.00 0.00 0.00 1.00 0.00
1.36 2.18 1.69 0.50 0.27 0.30 0.34 0.46 0.66 -0.58 -0.08 0.00 0.00 1.00 0.00 1.00 0.00
0.03 1.06 0.92 0.57 0.25 0.32 0.45 0.46 0.48 -0.58 -0.08 0.00 1.00 0.00 0.00 1.00 0.00
1.36 1.06 0.80 0.52 0.23 0.29 0.43 0.44 0.45 -1.74 -1.58 0.00 1.00 0.00 0.00 1.00 0.00
0.48 1.34 -0.35 0.47 0.40 0.39 0.45 0.31 0.42 -0.58 -1.58 0.00 1.00 0.00 0.00 1.00 0.00
